%YAML:1.0
---
K: !!opencv-matrix
   rows: 3
   cols: 3
   dt: d
   data: [ 1.5429246565190699e+03, 0., 1824., 0., 1.5429246565190699e+03,
       1368., 0., 0., 1. ]
D: !!opencv-matrix
   rows: 1
   cols: 5
   dt: d
   data: [ -2.0969654587382819e-01, 3.8581449313846189e-02, 0., 0., 0. ]
grid_size: [ 19, 11 ]
grid_square_size: 1.2100000381469727e+01
resolution: [ 3648, 2736 ]
