%YAML:1.0
---
object_points:
   - [ -5.60441711e+02, -5.51203613e+02, 7.95120422e+02 ]
   - [ -5.03797211e+02, -5.53606079e+02, 7.99968811e+02 ]
