%YAML:1.0
---
object_points:
   - [ -5.55693115e+02, -5.73848206e+02, 7.71435608e+02 ]
   - [ -4.94994781e+02, -5.73356262e+02, 7.71397095e+02 ]
