%YAML:1.0
---
object_points:
   - [ -3.05792297e+02, -3.46393433e+02, 4.87334137e+02 ]
   - [ -6.09629211e+02, -5.14667175e+02, 8.21522888e+02 ]
