%YAML:1.0
---
object_points:
   - [ 1.43018036e+02, 7.14441910e+01, 4.23667412e+01 ]
   - [ 1.43729431e+02, 7.29246140e+01, 4.33723907e+01 ]
   - [ 1.37164139e+02, 6.16298943e+01, 3.66678810e+01 ]
   - [ 1.39696655e+02, 6.41006165e+01, 3.96722145e+01 ]
   - [ 1.72409363e+02, 9.19498215e+01, 6.43237762e+01 ]
   - [ 1.71348511e+02, 9.03429184e+01, 6.25708504e+01 ]
   - [ 1.37337311e+02, 6.14473610e+01, 4.08576431e+01 ]
   - [ 1.37690323e+02, 5.99133415e+01, 3.77372856e+01 ]
