%YAML:1.0
---
object_points:
   - [ -1.75680652e+03, -1.69515088e+03, 2.22810742e+03 ]
   - [ -2.96202332e+02, -3.12970276e+02, 4.10719482e+02 ]
