%YAML:1.0
---
object_points:
   - [ -1.86697235e+02, -2.16898315e+02, 3.70977356e+02 ]
   - [ 1.18398914e+03, 9.14921082e+02, -1.32389001e+03 ]
