%YAML:1.0
---
object_points:
   - [ 1.43018036e+02, 7.14441910e+01, 4.23667412e+01 ]
   - [ 1.43729431e+02, 7.29246140e+01, 4.33723907e+01 ]
