%YAML:1.0
---
K1: !!opencv-matrix
   rows: 3
   cols: 3
   dt: d
   data: [ 1.5429246565190699e+03, 0., 1824., 0., 1.5429246565190699e+03,
       1368., 0., 0., 1. ]
D1: !!opencv-matrix
   rows: 1
   cols: 5
   dt: d
   data: [ -2.0969654587382819e-01, 3.8581449313846189e-02, 0., 0., 0. ]
K2: !!opencv-matrix
   rows: 3
   cols: 3
   dt: d
   data: [ 1.5223768809647499e+03, 0., 1824., 0., 1.5223768809647499e+03,
       1368., 0., 0., 1. ]
D2: !!opencv-matrix
   rows: 1
   cols: 5
   dt: d
   data: [ -2.0718660173679385e-01, 3.5338641932725609e-02, 0., 0., 0. ]
E: !!opencv-matrix
   rows: 3
   cols: 3
   dt: d
   data: [ -6.7186875318988271e-01, -5.5163517595389342e+00,
       -2.3197952458328635e+00, -2.7034657767815588e+01,
       5.3686577791367363e-01, -8.4146152086360502e+01,
       -9.4368674859144974e-01, 8.8235241177138178e+01,
       7.0940769061334719e-01 ]
F: !!opencv-matrix
   rows: 3
   cols: 3
   dt: d
   data: [ 8.6371517825549034e-09, 7.0914992261347285e-08,
       -6.6752881518895477e-05, 3.4754175041097355e-07,
       -6.9016324820650061e-09, 1.0445589128761489e-03,
       -4.7272258715978923e-04, -1.8467406144946829e-03, 1. ]
R: !!opencv-matrix
   rows: 3
   cols: 3
   dt: d
   data: [ 9.3039611762239549e-01, 3.9912992081414030e-02,
       -3.6437620308725249e-01, -3.5856155201867489e-02,
       9.9919673035392675e-01, 1.7894976506317349e-02,
       3.6479775279915483e-01, -3.5842869766579341e-03,
       9.3107988510092721e-01 ]
T: !!opencv-matrix
   rows: 3
   cols: 1
   dt: d
   data: [ 8.8210896298663002e+01, -2.3852387145169991e+00,
       5.5293426927474183e+00 ]
P1: !!opencv-matrix
   rows: 3
   cols: 4
   dt: d
   data: [ 1.5326507687419098e+03, 0., 8.3173316955566406e+02, 0., 0.,
       1.5326507687419098e+03, 1.3873115997314453e+03, 0., 0., 0., 1.,
       0. ]
R1: !!opencv-matrix
   rows: 3
   cols: 3
   dt: d
   data: [ -9.5201658103285114e-01, -1.2640435494607758e-02,
       3.0578529858223619e-01, 1.1388814501689489e-02,
       -9.9991787534259491e-01, -5.8768592459792369e-03,
       3.0583447212956033e-01, -2.1123354036716325e-03,
       9.5208235657235862e-01 ]
P2: !!opencv-matrix
   rows: 3
   cols: 4
   dt: d
   data: [ 1.5326507687419098e+03, 0., 8.3173316955566406e+02,
       -1.3551116381321297e+05, 0., 1.5326507687419098e+03,
       1.3873115997314453e+03, 0., 0., 0., 1., 0. ]
R2: !!opencv-matrix
   rows: 3
   cols: 3
   dt: d
   data: [ -9.9767793456421017e-01, 2.6977393201909689e-02,
       -6.2537661770494482e-02, -2.7172217785791632e-02,
       -9.9962819702324190e-01, 2.2667811240800113e-03,
       -6.2453258236001771e-02, 3.9608044754233362e-03,
       9.9804003054166868e-01 ]
grid_size: [ 19, 11 ]
grid_square_size: 1.2100000381469727e+01
image_size: [ 3648, 2736 ]
