%YAML:1.0
---
K1: !!opencv-matrix
   rows: 3
   cols: 3
   dt: d
   data: [ 8.3475717943979112e+02, 0., 9.6230155384918203e+02, 0.,
       8.3926422017597872e+02, 7.2875023589544230e+02, 0., 0., 1. ]
D1: !!opencv-matrix
   rows: 1
   cols: 5
   dt: d
   data: [ -2.2040247249985392e-01, 5.2181283613922304e-02,
       -1.6207547654154845e-03, 1.4685400151970287e-03,
       -6.3126859813579612e-03 ]
K2: !!opencv-matrix
   rows: 3
   cols: 3
   dt: d
   data: [ 8.3475717943979112e+02, 0., 9.8839335852499835e+02, 0.,
       8.3926422017597872e+02, 7.3211183903925473e+02, 0., 0., 1. ]
D2: !!opencv-matrix
   rows: 1
   cols: 5
   dt: d
   data: [ -2.0365326090565403e-01, 3.5666982988106298e-02,
       -1.3548383296036548e-03, -7.3120161418038787e-03,
       -2.1953744482887047e-03 ]
E: !!opencv-matrix
   rows: 3
   cols: 3
   dt: d
   data: [ -5.1305086513468712e-03, -1.3248375595581132e+00,
       -6.1213250926373342e-01, -1.4691676399543441e+00,
       8.5876452389125979e-01, 1.5439958018016910e+02,
       -1.2881514618436340e+00, -1.5439682277154193e+02,
       8.5179349365608215e-01 ]
F: !!opencv-matrix
   rows: 3
   cols: 3
   dt: d
   data: [ -3.0090722899763500e-08, -7.7285190815464987e-06,
       2.6641781337150006e-03, -8.5704772313105041e-06,
       4.9827511852728694e-06, 7.5648130826476423e-01,
       -2.3688302355817081e-06, -7.4786079251850657e-01, 1. ]
R: !!opencv-matrix
   rows: 3
   cols: 3
   dt: d
   data: [ 9.9976037576806565e-01, -1.2253029532321946e-02,
       1.8139854226985545e-02, 1.2353624815104561e-02,
       9.9990887177135857e-01, -5.4439054782796153e-03,
       -1.8071496839605510e-02, 5.6666939399314864e-03,
       9.9982063870564675e-01 ]
T: !!opencv-matrix
   rows: 3
   cols: 1
   dt: d
   data: [ -1.5440330328570602e+02, -6.1943744938381928e-01,
       1.3214478183164484e+00 ]
P1: !!opencv-matrix
   rows: 3
   cols: 4
   dt: d
   data: [ 8.3926422017597872e+02, 0., 9.0353929138183594e+02, 0., 0.,
       8.3926422017597872e+02, 7.2149709320068359e+02, 0., 0., 0., 1.,
       0. ]
R1: !!opencv-matrix
   rows: 3
   cols: 3
   dt: d
   data: [ 9.9991993362041931e-01, -8.2897080037072288e-03,
       9.5607055048026746e-03, 8.3161615348676197e-03,
       9.9996169225409060e-01, -2.7304727908452880e-03,
       -9.5377044335773018e-03, 2.8097625431396343e-03,
       9.9995056749250821e-01 ]
P2: !!opencv-matrix
   rows: 3
   cols: 4
   dt: d
   data: [ 8.3926422017597872e+02, 0., 9.0353929138183594e+02,
       -1.2959095643967330e+05, 0., 8.3926422017597872e+02,
       7.2149709320068359e+02, 0., 0., 0., 1., 0. ]
R2: !!opencv-matrix
   rows: 3
   cols: 3
   dt: d
   data: [ 9.9995533241547763e-01, 4.0116355507177539e-03,
       -8.5580344741022080e-03, -3.9879217437310162e-03,
       9.9998816669165402e-01, 2.7862083250542748e-03,
       8.5691104566099421e-03, -2.7519551000955312e-03,
       9.9995949772433768e-01 ]
grid_size: [ 19, 11 ]
grid_dot_size: 13.
image_size: [ 1920, 1440 ]
