%YAML:1.0
---
K1: !!opencv-matrix
   rows: 3
   cols: 3
   dt: d
   data: [ 1.5552221950351397e+03, 0., 1824., 0., 1.5552221950351397e+03,
       1368., 0., 0., 1. ]
D1: !!opencv-matrix
   rows: 1
   cols: 5
   dt: d
   data: [ -2.0650346783086579e-01, 3.6313883204938856e-02, 0., 0., 0. ]
K2: !!opencv-matrix
   rows: 3
   cols: 3
   dt: d
   data: [ 1.5481709332567243e+03, 0., 1824., 0., 1.5481709332567243e+03,
       1368., 0., 0., 1. ]
D2: !!opencv-matrix
   rows: 1
   cols: 5
   dt: d
   data: [ -1.8938125744799314e-01, 2.8069716734843722e-02, 0., 0., 0. ]
E: !!opencv-matrix
   rows: 3
   cols: 3
   dt: d
   data: [ -1.8723280727206346e-02, 2.4455054547395538e+00,
       -1.0633621263227218e-01, -1.8083527140229740e+00,
       1.4366521602729143e-01, 2.0646075988071789e+01,
       2.2253844910012371e-01, -2.0579160376693846e+01,
       1.5226942598767718e-01 ]
F: !!opencv-matrix
   rows: 3
   cols: 3
   dt: d
   data: [ -1.2520663235138595e-08, 1.6353624498080712e-06,
       -2.3249289465769778e-03, -1.2092846159022938e-06,
       9.6072040722403009e-08, 2.3546449702069011e-02,
       1.9075320826287272e-03, -2.4419838257140964e-02, 1. ]
R: !!opencv-matrix
   rows: 3
   cols: 3
   dt: d
   data: [ 9.9949989462288580e-01, 6.3049760361936274e-03,
       -3.0987221979765070e-02, -6.5413006205392024e-03,
       9.9995024594647242e-01, -7.5310701617424649e-03,
       3.0938197022967337e-02, 7.7300005674241926e-03,
       9.9949140819528592e-01 ]
T: !!opencv-matrix
   rows: 3
   cols: 1
   dt: d
   data: [ -2.0580738922672701e+01, -8.7957636901262043e-02,
       -2.4463070810161636e+00 ]
P1: !!opencv-matrix
   rows: 3
   cols: 4
   dt: d
   data: [ 1.5516965641459319e+03, 0., 1.2188700408935547e+03, 0., 0.,
       1.5516965641459319e+03, 1.3684430389404297e+03, 0., 0., 0., 1.,
       0. ]
R1: !!opencv-matrix
   rows: 3
   cols: 3
   dt: d
   data: [ 9.9612805969418938e-01, 1.1416892513471192e-02,
       8.7169623466121948e-02, -1.1139462614555196e-02,
       9.9993122511618404e-01, -3.6684343126306249e-03,
       -8.7205510505635797e-02, 2.6832075922306126e-03,
       9.9618672914994622e-01 ]
P2: !!opencv-matrix
   rows: 3
   cols: 4
   dt: d
   data: [ 1.5516965641459319e+03, 0., 1.2188700408935547e+03,
       -3.2160159531169702e+04, 0., 1.5516965641459319e+03,
       1.3684430389404297e+03, 0., 0., 0., 1., 0. ]
R2: !!opencv-matrix
   rows: 3
   cols: 3
   dt: d
   data: [ 9.9300072945671025e-01, 4.2438708314802842e-03,
       1.1803194846653745e-01, -4.7156747088409395e-03,
       9.9998196829439101e-01, 3.7182654714306069e-03,
       -1.1801404031081229e-01, -4.2488405996631579e-03,
       9.9300283667423450e-01 ]
grid_size: [ 19, 11 ]
grid_square_size: 6.
image_size: [ 3648, 2736 ]
