%YAML:1.0
---
K1: !!opencv-matrix
   rows: 3
   cols: 3
   dt: d
   data: [ 9.2053866138530600e+02, 0., 9.5973043093138972e+02, 0.,
       9.1795177462916035e+02, 7.2467540442224856e+02, 0., 0., 1. ]
D1: !!opencv-matrix
   rows: 1
   cols: 5
   dt: d
   data: [ -2.9630461898210708e-01, 1.5573734515650012e-01,
       -2.8418939083367191e-03, 7.3516634641485308e-03,
       -8.3895239054896167e-02 ]
K2: !!opencv-matrix
   rows: 3
   cols: 3
   dt: d
   data: [ 9.2053866138530600e+02, 0., 9.7363632986516814e+02, 0.,
       9.1795177462916035e+02, 7.3418318409603160e+02, 0., 0., 1. ]
D2: !!opencv-matrix
   rows: 1
   cols: 5
   dt: d
   data: [ -2.2959101144044558e-01, -4.8880448859389698e-02,
       -5.8767866319115398e-03, -3.5887186365615247e-03,
       8.3850061774944654e-02 ]
E: !!opencv-matrix
   rows: 3
   cols: 3
   dt: d
   data: [ 1.4577326274387753e-01, -5.5758141456973815e+00,
       -3.9063485850325983e+00, -2.9551025771424495e+00,
       1.9404346032144026e-01, 1.5709763422401787e+02,
       2.0311560105012711e+00, -1.5706209147093696e+02,
       3.7110609069945649e-01 ]
F: !!opencv-matrix
   rows: 3
   cols: 3
   dt: d
   data: [ -2.8170229735602322e-08, 1.0805452808155231e-06,
       -6.1103592011539659e-05, 5.7267370479359686e-07,
       -3.7709941572608959e-08, -2.8547332555518501e-02,
       -7.5434469379043623e-04, 2.6994334942330601e-02, 1. ]
R: !!opencv-matrix
   rows: 3
   cols: 3
   dt: d
   data: [ 9.9845642186799399e-01, -1.1903515272480221e-02,
       5.4250160872759502e-02, 1.1975923891259491e-02,
       9.9992777615335737e-01, -1.0098138204639321e-03,
       -5.4234222383226040e-02, 1.6579508916339950e-03,
       9.9852686509744337e-01 ]
T: !!opencv-matrix
   rows: 3
   cols: 1
   dt: d
   data: [ -1.5702679762079541e+02, -3.9177443321740579e+00,
       5.5697209846628981e+00 ]
P1: !!opencv-matrix
   rows: 3
   cols: 4
   dt: d
   data: [ 9.1795177462916035e+02, 0., 1.0035185308456421e+03, 0., 0.,
       9.1795177462916035e+02, 7.2939641618728638e+02, 0., 0., 0., 1.,
       0. ]
R1: !!opencv-matrix
   rows: 3
   cols: 3
   dt: d
   data: [ 9.9973928783372568e-01, 1.2973209577276681e-02,
       1.8789683205925736e-02, -1.2954821269779218e-02,
       9.9991547769521749e-01, -1.1000324600460489e-03,
       -1.8802366010241024e-02, 8.5632868055189983e-04,
       9.9982285317630526e-01 ]
P2: !!opencv-matrix
   rows: 3
   cols: 4
   dt: d
   data: [ 9.1795177462916035e+02, 0., 1.0035185308456421e+03,
       -1.4427850091628919e+05, 0., 9.1795177462916035e+02,
       7.2939641618728638e+02, 0., 0., 0., 1., 0. ]
R2: !!opencv-matrix
   rows: 3
   cols: 3
   dt: d
   data: [ 9.9906102866965196e-01, 2.4926100142592247e-02,
       -3.5436570449446286e-02, -2.4897010588819633e-02,
       9.9968922482753020e-01, 1.2619934516482282e-03,
       3.5457014218308200e-02, -3.7854380626670462e-04,
       9.9937113068534722e-01 ]
grid_size: [ 19, 11 ]
grid_dot_size: 13.
image_size: [ 1920, 1440 ]
